0 0 0 18 18 18 
0 1 0 0 Right~Encoder 
0 2 1 1800.0 0 1800.0 0 0 0 
100 1 0 1 
100 1 1 1 
100 2 0 808.3333 0 1502.0 0 1.0 0 
200 1 0 2 
200 1 1 2 
200 2 0 816.6667 0 1408.0 0 2.0 0 
300 1 0 3 
300 1 1 3 
300 2 0 825.0 0 1318.0 0 3.0 0 
400 1 0 4 
400 1 1 4 
400 2 0 833.3333 0 1232.0 0 4.0 0 
500 1 0 5 
500 1 1 5 
500 2 0 841.6667 0 1150.0 0 5.0 0 
600 1 0 6 
600 1 1 6 
600 2 0 850.0 0 1072.0 0 6.0 0 
700 1 0 7 
700 1 1 7 
700 2 0 858.3333 0 998.0 0 7.0 0 
800 1 0 8 
800 1 1 8 
800 2 0 866.6667 0 928.0 0 8.0 0 
900 1 0 9 
900 1 1 9 
900 2 0 875.0 0 862.0 0 9.0 0 
1000 1 0 10 
1000 1 1 10 
1000 2 0 883.3333 0 800.0 0 10.0 0 
1100 1 0 11 
1100 1 1 11 
1100 2 0 891.6667 0 742.0 0 11.0 0 
1200 1 0 12 
1200 1 1 12 
1200 2 0 900.0 0 688.0 0 12.0 0 
1300 1 0 13 
1300 1 1 13 
1300 2 0 908.3333 0 638.0 0 13.0 0 
1400 1 0 14 
1400 1 1 14 
1400 2 0 916.6667 0 592.0 0 14.0 0 
1500 1 0 15 
1500 1 1 15 
1500 2 0 925.0 0 550.0 0 15.0 0 
1600 1 0 16 
1600 1 1 16 
1600 2 0 933.3334 0 512.0 0 16.0 0 
1700 1 0 17 
1700 1 1 17 
1700 2 0 941.6667 0 478.0 0 17.0 0 
1800 1 0 18 
1800 1 1 18 
1800 2 0 950.0 0 448.0 0 18.0 0 
1900 1 0 19 
1900 1 1 19 
1900 2 0 958.3333 0 422.0 0 19.0 0 
2000 1 0 20 
2000 1 1 20 
2000 2 0 966.6667 0 400.0 0 20.0 0 
2100 1 0 21 
2100 1 1 21 
2100 2 0 975.0 0 382.0 0 21.0 0 
2200 1 0 22 
2200 1 1 22 
2200 2 0 983.3334 0 368.0 0 22.0 0 
2300 1 0 23 
2300 1 1 23 
2300 2 0 991.6666 0 358.0 0 23.0 0 
2400 1 0 24 
2400 1 1 24 
2400 2 0 1000.0 0 352.0 0 24.0 0 
2500 1 0 25 
2500 1 1 25 
2500 2 0 1008.3333 0 350.0 0 25.0 0 
2600 1 0 26 
2600 1 1 26 
2600 2 0 1016.6667 0 352.0 0 26.0 0 
2700 1 0 27 
2700 1 1 27 
2700 2 0 1025.0 0 358.0 0 27.0 0 
2800 1 0 28 
2800 1 1 28 
2800 2 0 1033.3334 0 368.0 0 28.0 0 
2900 1 0 29 
2900 1 1 29 
2900 2 0 1041.6666 0 382.0 0 29.0 0 
3000 1 0 30 
3000 1 1 30 
3000 2 0 1050.0 0 400.0 0 30.0 0 
3100 1 0 31 
3100 1 1 31 
3100 2 0 1058.3333 0 422.0 0 31.0 0 
3200 1 0 32 
3200 1 1 32 
3200 2 0 1066.6667 0 448.0 0 32.0 0 
3300 1 0 33 
3300 1 1 33 
3300 2 0 1075.0 0 478.0 0 33.0 0 
3400 1 0 34 
3400 1 1 34 
3400 2 0 1083.3334 0 512.0 0 34.0 0 
3500 1 0 35 
3500 1 1 35 
3500 2 0 1091.6666 0 550.0 0 35.0 0 
3600 1 0 36 
3600 1 1 36 
3600 2 0 1100.0 0 592.0 0 36.0 0 
3700 1 0 37 
3700 1 1 37 
3700 2 0 1108.3334 0 638.0 0 37.0 0 
3800 1 0 38 
3800 1 1 38 
3800 2 0 1116.6666 0 688.0 0 38.0 0 
3900 1 0 39 
3900 1 1 39 
3900 2 0 1125.0 0 742.0 0 39.0 0 
4000 1 0 40 
4000 1 1 40 
4000 2 0 1133.3334 0 800.0 0 40.0 0 
4100 1 0 41 
4100 1 1 41 
4100 2 0 1141.6666 0 862.0 0 41.0 0 
4200 1 0 42 
4200 1 1 42 
4200 2 0 1150.0 0 928.0 0 42.0 0 
4300 1 0 43 
4300 1 1 43 
4300 2 0 1158.3333 0 998.0 0 43.0 0 
4400 1 0 44 
4400 1 1 44 
4400 2 0 1166.6667 0 1072.0 0 44.0 0 
4500 1 0 45 
4500 1 1 45 
4500 2 0 1175.0 0 1150.0 0 45.0 0 
4600 1 0 46 
4600 1 1 46 
4600 2 0 1183.3333 0 1232.0 0 46.0 0 
4700 1 0 47 
4700 1 1 47 
4700 2 0 1191.6667 0 1318.0 0 47.0 0 
4800 1 0 48 
4800 1 1 48 
4800 2 0 1200.0 0 1408.0 0 48.0 0 
4900 1 0 49 
4900 1 1 49 
4900 2 0 1208.3334 0 1502.0 0 49.0 0 
5000 1 0 50 
5000 1 1 50 
5000 2 0 1216.6666 0 1600.0 0 50.0 0 
5100 1 0 51 
5100 1 1 51 
5100 2 0 1225.0 0 1702.0 0 51.0 0 
5200 1 0 52 
5200 1 1 52 
5200 2 0 1233.3334 0 1808.0 0 52.0 0 
5300 1 0 53 
5300 1 1 53 
5300 2 0 1241.6666 0 1918.0 0 53.0 0 
5400 1 0 54 
5400 1 1 54 
5400 2 0 1250.0 0 2032.0 0 54.0 0 
5500 1 0 55 
5500 1 1 55 
5500 2 0 1258.3334 0 2150.0 0 55.0 0 
5600 1 0 56 
5600 1 1 56 
5600 2 0 1266.6666 0 2272.0 0 56.0 0 
5700 1 0 57 
5700 1 1 57 
5700 2 0 1275.0 0 2398.0 0 57.0 0 
5800 1 0 58 
5800 1 1 58 
5800 2 0 1283.3333 0 2528.0 0 58.0 0 
5900 1 0 59 
5900 1 1 59 
5900 2 0 1291.6667 0 2662.0 0 59.0 0 
6001 3 0 
